twitter

1.00000000e+00 1.00000000e+00 2.06508691e+08 2.20027000e-03 9.45125600e-03 2.08938000e-02
1.00000000e+00 2.00000000e+00 2.06508691e+08 4.09393400e-03 1.06110620e-02 2.08008000e-02
1.00000000e+00 3.00000000e+00 2.06508691e+08 5.50460800e-03 1.23100200e-02 2.08348000e-02
1.00000000e+00 4.00000000e+00 2.06508691e+08 6.95953600e-03 1.35285400e-02 2.06838000e-02
1.00000000e+00 5.00000000e+00 2.06508691e+08 8.58245000e-03 1.50388400e-02 2.08616000e-02
1.00000000e+00 6.00000000e+00 2.06508691e+08 1.03459440e-02 1.71513200e-02 2.08866000e-02
1.00000000e+00 7.00000000e+00 2.06508691e+08 1.13886600e-02 1.86087600e-02 2.11076000e-02
1.00000000e+00 8.00000000e+00 2.06508691e+08 1.29643800e-02 2.03119400e-02 2.08806000e-02
1.00000000e+00 9.00000000e+00 2.06508691e+08 1.46797200e-02 2.15795600e-02 2.08594000e-02
filcker

1.00000000e+00 1.00000000e+00 3.52580131e+10 2.03247000e-03 7.47632400e-02 7.37482000e-02
1.00000000e+00 2.00000000e+00 3.52580131e+10 3.93829200e-03 7.38936800e-02 7.37492000e-02
1.00000000e+00 3.00000000e+00 3.52580131e+10 5.47466200e-03 8.07691400e-02 7.37290000e-02
1.00000000e+00 4.00000000e+00 3.52580131e+10 7.10768600e-03 7.79640200e-02 7.45896000e-02
1.00000000e+00 5.00000000e+00 3.52580131e+10 8.56089600e-03 8.24710200e-02 7.39852000e-02
1.00000000e+00 6.00000000e+00 3.52580131e+10 1.05079520e-02 8.45269400e-02 7.44280000e-02
1.00000000e+00 7.00000000e+00 3.52580131e+10 1.15151800e-02 8.85464600e-02 7.37642000e-02
1.00000000e+00 8.00000000e+00 3.52580131e+10 1.30748400e-02 9.20872200e-02 7.44096000e-02
1.00000000e+00 9.00000000e+00 3.52580131e+10 1.50850800e-02 9.18963600e-02 7.44446000e-02
livejournal

6.00000000e+00 1.00000000e+00 3.29715844e+12 1.40111000e-01 3.27733200e+00 2.04714800e+00
5.00000000e+00 2.00000000e+00 3.29715844e+12 2.57715600e-01 2.88970000e+00 1.60108600e+00
4.00000000e+00 3.00000000e+00 3.29715844e+12 2.45234000e-01 2.93591600e+00 1.48265000e+00
4.00000000e+00 4.00000000e+00 3.29715844e+12 2.48529800e-01 2.81327400e+00 1.48877600e+00
4.00000000e+00 5.00000000e+00 3.29715844e+12 2.86554400e-01 2.88948800e+00 1.49787400e+00
4.00000000e+00 6.00000000e+00 3.29715844e+12 3.43216600e-01 3.01503400e+00 1.49284400e+00
3.00000000e+00 7.00000000e+00 3.29715844e+12 2.15145800e-01 2.56252800e+00 1.06207820e+00
3.00000000e+00 8.00000000e+00 3.29715844e+12 2.58760400e-01 2.72638600e+00 1.21069800e+00
3.00000000e+00 9.00000000e+00 3.29715844e+12 2.59830600e-01 2.64377000e+00 1.10989200e+00
orkut

1.20000000e+01 1.00000000e+00 2.21317012e+13 6.14136600e-01 3.06007000e+01 9.59933600e+00
1.00000000e+01 2.00000000e+00 2.21317012e+13 1.51504600e+00 2.88715400e+01 7.06294400e+00
9.00000000e+00 3.00000000e+00 2.21317012e+13 1.68569200e+00 2.94090800e+01 6.86928000e+00
9.00000000e+00 4.00000000e+00 2.21317012e+13 1.87178400e+00 2.93395200e+01 7.00257000e+00
9.00000000e+00 5.00000000e+00 2.21317012e+13 2.01887000e+00 2.90556600e+01 7.05295600e+00
9.00000000e+00 6.00000000e+00 2.21317012e+13 2.24804000e+00 2.96603200e+01 7.06254800e+00
8.00000000e+00 7.00000000e+00 2.21317012e+13 2.15645400e+00 2.86634200e+01 6.37319200e+00
8.00000000e+00 8.00000000e+00 2.21317012e+13 2.34646600e+00 2.94270800e+01 6.60965400e+00
8.00000000e+00 9.00000000e+00 2.21317012e+13 2.58763400e+00 2.99588400e+01 6.61028000e+00
delicious

3.00000000e+00 1.00000000e+00 5.68922524e+10 1.05248460e-01 2.76358800e+00 1.50759400e+00
2.00000000e+00 2.00000000e+00 5.68922524e+10 2.07088400e-01 2.58677600e+00 1.30063800e+00
2.00000000e+00 3.00000000e+00 5.68922524e+10 2.10925600e-01 2.42098800e+00 1.31185200e+00
2.00000000e+00 4.00000000e+00 5.68922524e+10 2.52514200e-01 2.68358400e+00 1.35215800e+00
1.00000000e+00 5.00000000e+00 5.68922524e+10 8.51125400e-02 1.60541400e+00 1.02250220e+00
1.00000000e+00 6.00000000e+00 5.68922524e+10 9.15476800e-02 1.62666400e+00 1.04055800e+00
1.00000000e+00 7.00000000e+00 5.68922524e+10 9.78774400e-02 1.65011800e+00 1.04154200e+00
1.00000000e+00 8.00000000e+00 5.68922524e+10 9.99327200e-02 1.65005600e+00 1.04594600e+00
1.00000000e+00 9.00000000e+00 5.68922524e+10 1.08602800e-01 1.67109200e+00 1.02892800e+00
trackers

4.00000000e+00 1.00000000e+00 2.00675672e+13 2.03333600e-01 4.92341600e+00 2.82983000e+00
3.00000000e+00 2.00000000e+00 2.00675672e+13 3.12741200e-01 3.55909400e+00 1.92466800e+00
2.00000000e+00 3.00000000e+00 2.00675672e+13 1.89614000e-01 2.38262400e+00 1.40086800e+00
2.00000000e+00 4.00000000e+00 2.00675672e+13 2.23487400e-01 2.50128200e+00 1.40333400e+00
2.00000000e+00 5.00000000e+00 2.00675672e+13 2.33774000e-01 2.59666200e+00 1.40452600e+00
2.00000000e+00 6.00000000e+00 2.00675672e+13 2.57261800e-01 2.76464400e+00 1.41747600e+00
2.00000000e+00 7.00000000e+00 2.00675672e+13 2.98932600e-01 3.00725800e+00 1.49909000e+00
2.00000000e+00 8.00000000e+00 2.00675672e+13 3.30224200e-01 3.14312800e+00 1.53404200e+00
2.00000000e+00 9.00000000e+00 2.00675672e+13 3.80638200e-01 3.37130000e+00 1.63552400e+00
bi-twitter

7.00000000e+00 1.00000000e+00 6.30255304e+13 5.86081800e-01 4.52224800e+01 1.10212820e+01
5.00000000e+00 2.00000000e+00 6.30255304e+13 1.75345000e+00 4.29844800e+01 8.28505000e+00
5.00000000e+00 3.00000000e+00 6.30255304e+13 1.87623600e+00 4.33325600e+01 8.70059400e+00
5.00000000e+00 4.00000000e+00 6.30255304e+13 2.08288400e+00 4.49323000e+01 8.61161600e+00
4.00000000e+00 5.00000000e+00 6.30255304e+13 1.63739600e+00 4.19433200e+01 7.26215800e+00
4.00000000e+00 6.00000000e+00 6.30255304e+13 1.77998800e+00 4.28484600e+01 7.24198200e+00
4.00000000e+00 7.00000000e+00 6.30255304e+13 1.83523600e+00 4.30504800e+01 7.38317600e+00
4.00000000e+00 8.00000000e+00 6.30255304e+13 1.96685800e+00 4.34359000e+01 7.30674600e+00
4.00000000e+00 9.00000000e+00 6.30255304e+13 1.98432800e+00 4.30268400e+01 7.22847400e+00
bi-sk

1.00000000e+01 1.00000000e+00 1.22335845e+14 1.42360000e+00 1.92463400e+01 2.29018800e+01
8.00000000e+00 2.00000000e+00 1.22335845e+14 3.09263200e+00 1.94412000e+01 1.88569400e+01
7.00000000e+00 3.00000000e+00 1.22335845e+14 3.27762800e+00 1.98388600e+01 1.71954200e+01
7.00000000e+00 4.00000000e+00 1.22335845e+14 3.69307000e+00 2.08155400e+01 1.66022200e+01
7.00000000e+00 5.00000000e+00 1.22335845e+14 3.95349200e+00 2.14789800e+01 1.62292600e+01
7.00000000e+00 6.00000000e+00 1.22335845e+14 4.56264600e+00 2.28934400e+01 1.70243200e+01
7.00000000e+00 7.00000000e+00 1.22335845e+14 5.15178000e+00 2.47637600e+01 1.70377400e+01
6.00000000e+00 8.00000000e+00 1.22335845e+14 4.34849400e+00 2.36233600e+01 1.42462400e+01
6.00000000e+00 9.00000000e+00 1.22335845e+14 4.82741800e+00 2.47697200e+01 1.49797800e+01
bi-uk

2.20000000e+01 1.00000000e+00 4.89076264e+14 1.32344400e+01 6.46701800e+01 1.08424000e+02
1.70000000e+01 2.00000000e+00 4.89076264e+14 2.27120400e+01 6.38976400e+01 8.26312600e+01
1.50000000e+01 3.00000000e+00 4.89076264e+14 1.90291400e+01 6.15885400e+01 6.94618200e+01
1.50000000e+01 4.00000000e+00 4.89076264e+14 2.33545800e+01 6.66652800e+01 7.14538400e+01
1.40000000e+01 5.00000000e+00 4.89076264e+14 2.22473400e+01 6.76655200e+01 6.35991600e+01
1.40000000e+01 6.00000000e+00 4.89076264e+14 2.42801600e+01 7.10472600e+01 6.35271000e+01
1.40000000e+01 7.00000000e+00 4.89076264e+14 2.54913600e+01 7.41222600e+01 6.33939200e+01
1.30000000e+01 8.00000000e+00 4.89076264e+14 2.60636400e+01 7.58848200e+01 5.50748800e+01
1.30000000e+01 9.00000000e+00 4.89076264e+14 2.81933200e+01 7.95436600e+01 5.49443400e+01
twitter

1.00000000e+00 1.00000000e+00 2.06508691e+08 4.58240400e-05 1.48532400e-02 4.23670000e-03
1.00000000e+00 2.00000000e+00 2.06508691e+08 2.54964800e-04 1.25040600e-02 4.19335400e-03
1.00000000e+00 3.00000000e+00 2.06508691e+08 3.53717600e-04 1.30871200e-02 4.19602600e-03
1.00000000e+00 4.00000000e+00 2.06508691e+08 4.71401000e-04 1.51759000e-02 4.20799200e-03
1.00000000e+00 5.00000000e+00 2.06508691e+08 6.55555800e-04 1.90804400e-02 4.19740800e-03
1.00000000e+00 6.00000000e+00 2.06508691e+08 7.38239400e-04 2.02068400e-02 4.18863200e-03
1.00000000e+00 7.00000000e+00 2.06508691e+08 8.37039800e-04 2.15837600e-02 4.18176600e-03
1.00000000e+00 8.00000000e+00 2.06508691e+08 9.44757400e-04 2.32056600e-02 4.17880800e-03
1.00000000e+00 9.00000000e+00 2.06508691e+08 1.04370200e-03 2.51804600e-02 4.19521200e-03
filcker

1.00000000e+00 1.00000000e+00 3.52580131e+10 5.09262000e-05 6.21676800e-02 1.47754200e-02
1.00000000e+00 2.00000000e+00 3.52580131e+10 3.00073600e-04 5.66426200e-02 1.46208400e-02
1.00000000e+00 3.00000000e+00 3.52580131e+10 4.00972600e-04 5.94808400e-02 1.46324000e-02
1.00000000e+00 4.00000000e+00 3.52580131e+10 4.82607200e-04 6.17098200e-02 1.46599000e-02
1.00000000e+00 5.00000000e+00 3.52580131e+10 5.70583400e-04 6.74355600e-02 1.46177800e-02
1.00000000e+00 6.00000000e+00 3.52580131e+10 6.96230000e-04 7.56957000e-02 1.46446000e-02
1.00000000e+00 7.00000000e+00 3.52580131e+10 7.70616600e-04 7.79273400e-02 1.46500000e-02
1.00000000e+00 8.00000000e+00 3.52580131e+10 8.74996200e-04 8.62399800e-02 1.46544400e-02
1.00000000e+00 9.00000000e+00 3.52580131e+10 8.41951400e-04 7.42507000e-02 1.46900200e-02
livejournal

9.00000000e+00 1.00000000e+00 3.29715844e+12 2.61664400e-02 8.76810600e+00 3.69090600e+00
6.00000000e+00 2.00000000e+00 3.29715844e+12 9.49587800e-02 4.60438600e+00 1.55177800e+00
5.00000000e+00 3.00000000e+00 3.29715844e+12 9.98715400e-02 3.73132800e+00 1.02459900e+00
5.00000000e+00 4.00000000e+00 3.29715844e+12 1.28173600e-01 3.86660000e+00 1.06887000e+00
4.00000000e+00 5.00000000e+00 3.29715844e+12 1.02224000e-01 2.88457600e+00 8.64690600e-01
4.00000000e+00 6.00000000e+00 3.29715844e+12 1.18777200e-01 2.91479400e+00 8.73821600e-01
4.00000000e+00 7.00000000e+00 3.29715844e+12 1.35457000e-01 3.04582800e+00 7.95135400e-01
4.00000000e+00 8.00000000e+00 3.29715844e+12 1.54553200e-01 3.14926600e+00 1.02202100e+00
4.00000000e+00 9.00000000e+00 3.29715844e+12 1.69518400e-01 3.32877000e+00 7.75503000e-01
orkut

1.50000000e+01 1.00000000e+00 2.21317012e+13 7.57629000e-02 1.60848200e+01 1.04201360e+01
1.10000000e+01 2.00000000e+00 2.21317012e+13 3.56179800e-01 1.24611000e+01 8.94648800e+00
1.00000000e+01 3.00000000e+00 2.21317012e+13 4.36490000e-01 1.23696400e+01 6.55916400e+00
1.00000000e+01 4.00000000e+00 2.21317012e+13 5.64751800e-01 1.30521400e+01 6.91968600e+00
9.00000000e+00 5.00000000e+00 2.21317012e+13 5.57506200e-01 1.27438200e+01 7.65761600e+00
9.00000000e+00 6.00000000e+00 2.21317012e+13 6.56461800e-01 1.34771200e+01 7.91616400e+00
9.00000000e+00 7.00000000e+00 2.21317012e+13 7.44878000e-01 1.42133800e+01 8.84693600e+00
9.00000000e+00 8.00000000e+00 2.21317012e+13 8.44554800e-01 1.50259400e+01 9.58239600e+00
9.00000000e+00 9.00000000e+00 2.21317012e+13 9.31826600e-01 1.58008000e+01 8.38223800e+00
delicious

6.00000000e+00 1.00000000e+00 5.68922524e+10 3.39350800e-02 3.13894000e+00 2.53456400e+00
3.00000000e+00 2.00000000e+00 5.68922524e+10 7.30915000e-02 1.73787800e+00 9.14273800e-01
3.00000000e+00 3.00000000e+00 5.68922524e+10 1.10911600e-01 1.73927600e+00 8.10327800e-01
2.00000000e+00 4.00000000e+00 5.68922524e+10 6.80103000e-02 1.39986200e+00 4.54305000e-01
2.00000000e+00 5.00000000e+00 5.68922524e+10 8.18483000e-02 1.44383400e+00 4.49684200e-01
2.00000000e+00 6.00000000e+00 5.68922524e+10 9.47733800e-02 1.49197600e+00 5.79857600e-01
2.00000000e+00 7.00000000e+00 5.68922524e+10 1.09372000e-01 1.54235000e+00 5.01463400e-01
2.00000000e+00 8.00000000e+00 5.68922524e+10 1.22392800e-01 1.53862000e+00 5.09953200e-01
2.00000000e+00 9.00000000e+00 5.68922524e+10 1.36639000e-01 1.59293200e+00 5.11944000e-01
trackers

7.00000000e+00 1.00000000e+00 2.00675672e+13 5.38136200e-02 5.56689800e+01 5.49448200e+00
4.00000000e+00 2.00000000e+00 2.00675672e+13 1.58609200e-01 2.35657600e+01 3.96238200e+00
3.00000000e+00 3.00000000e+00 2.00675672e+13 1.37678000e-01 1.59893000e+01 2.54861600e+00
3.00000000e+00 4.00000000e+00 2.00675672e+13 1.78654200e-01 1.64133200e+01 2.65002000e+00
2.00000000e+00 5.00000000e+00 2.00675672e+13 1.00642100e-01 9.87297000e+00 1.83749600e+00
2.00000000e+00 6.00000000e+00 2.00675672e+13 1.16825000e-01 1.01764400e+01 1.09762600e+00
2.00000000e+00 7.00000000e+00 2.00675672e+13 1.33278000e-01 1.04282600e+01 2.21804600e+00
2.00000000e+00 8.00000000e+00 2.00675672e+13 1.48747400e-01 1.07168600e+01 1.48686400e+00
2.00000000e+00 9.00000000e+00 2.00675672e+13 1.63690600e-01 1.09762400e+01 1.07041600e+00
bi-twitter

1.00000000e+01 1.00000000e+00 6.30255304e+13 1.17014800e-01 3.39432800e+01 2.00637000e+01
7.00000000e+00 2.00000000e+00 6.30255304e+13 5.24859800e-01 2.55320400e+01 1.06209820e+01
6.00000000e+00 3.00000000e+00 6.30255304e+13 5.93826200e-01 2.47598400e+01 9.56157200e+00
5.00000000e+00 4.00000000e+00 6.30255304e+13 5.42367000e-01 2.33999000e+01 1.22628120e+01
5.00000000e+00 5.00000000e+00 6.30255304e+13 6.41564200e-01 2.48993400e+01 1.43874500e+01
5.00000000e+00 6.00000000e+00 6.30255304e+13 7.61270800e-01 2.63789400e+01 1.28922040e+01
5.00000000e+00 7.00000000e+00 6.30255304e+13 8.78127000e-01 2.80219800e+01 1.63022220e+01
5.00000000e+00 8.00000000e+00 6.30255304e+13 9.82807600e-01 2.96390200e+01 9.12374600e+00
4.00000000e+00 9.00000000e+00 6.30255304e+13 7.13761400e-01 2.63835000e+01 7.59348000e+00
bi-sk

1.40000000e+01 1.00000000e+00 1.22335845e+14 2.71532200e-01 5.45191000e+01 3.76454800e+01
1.00000000e+01 2.00000000e+00 1.22335845e+14 1.42290000e+00 3.80192000e+01 2.65568400e+01
9.00000000e+00 3.00000000e+00 1.22335845e+14 1.69502400e+00 3.77127600e+01 2.61878000e+01
8.00000000e+00 4.00000000e+00 1.22335845e+14 1.70949800e+00 3.67228000e+01 2.82703200e+01
8.00000000e+00 5.00000000e+00 1.22335845e+14 2.05582200e+00 4.00071400e+01 2.56687600e+01
7.00000000e+00 6.00000000e+00 1.22335845e+14 1.89302400e+00 3.78142800e+01 1.57089600e+01
7.00000000e+00 7.00000000e+00 1.22335845e+14 2.15082400e+00 4.07597800e+01 1.80510800e+01
7.00000000e+00 8.00000000e+00 1.22335845e+14 2.41172200e+00 4.35707400e+01 1.64558400e+01
7.00000000e+00 9.00000000e+00 1.22335845e+14 2.69338200e+00 4.66349600e+01 1.86312800e+01
bi-uk

3.10000000e+01 1.00000000e+00 4.89076264e+14 2.05245800e+00 2.89610400e+02 1.63235800e+02
2.20000000e+01 2.00000000e+00 4.89076264e+14 9.23730400e+00 1.28178800e+02 1.00679720e+02
1.80000000e+01 3.00000000e+00 4.89076264e+14 9.65266200e+00 1.07941600e+02 6.95337000e+01
1.70000000e+01 4.00000000e+00 4.89076264e+14 1.08824000e+01 1.11314800e+02 7.10115600e+01
1.60000000e+01 5.00000000e+00 4.89076264e+14 1.20094600e+01 1.13478200e+02 6.80323400e+01
1.50000000e+01 6.00000000e+00 4.89076264e+14 1.25557400e+01 1.13379400e+02 6.94191800e+01
1.50000000e+01 7.00000000e+00 4.89076264e+14 1.39427400e+01 1.22815200e+02 6.25434600e+01
1.50000000e+01 8.00000000e+00 4.89076264e+14 1.61527400e+01 1.33165800e+02 5.63136400e+01
1.40000000e+01 9.00000000e+00 4.89076264e+14 1.56943800e+01 1.31997200e+02 5.30613200e+01
