twitter
1.00000000e+00 1.00000000e+00 2.06508691e+08 2.34956600e-03 9.16480800e-03 2.40148000e-02
1.00000000e+00 1.00000000e+00 2.06508691e+08 2.46243400e-03 8.92739800e-03 2.10180000e-02
1.00000000e+00 1.00000000e+00 2.06508691e+08 2.51221800e-03 9.22165000e-03 2.08702000e-02
1.00000000e+00 1.00000000e+00 2.06508691e+08 2.56552600e-03 9.47756200e-03 2.14516000e-02
1.00000000e+00 1.00000000e+00 2.06508691e+08 2.47864800e-03 8.55380000e-03 2.10366000e-02
1.00000000e+00 1.00000000e+00 2.06508691e+08 2.58474400e-03 9.45483000e-03 2.07986000e-02
1.00000000e+00 1.00000000e+00 2.06508691e+08 2.54082600e-03 8.57444000e-03 2.08670000e-02
1.00000000e+00 1.00000000e+00 2.06508691e+08 2.55436600e-03 9.45779000e-03 2.10840000e-02
1.00000000e+00 1.00000000e+00 2.06508691e+08 2.48003000e-03 9.31119200e-03 2.06618000e-02
1.00000000e+00 1.00000000e+00 2.06508691e+08 2.59413600e-03 9.22860800e-03 2.08990000e-02
1.00000000e+00 1.00000000e+00 2.06508691e+08 2.43749600e-03 9.30118800e-03 2.09490000e-02
filcker
1.00000000e+00 1.00000000e+00 3.52580131e+10 2.08740200e-03 7.44910400e-02 7.45360000e-02
1.00000000e+00 1.00000000e+00 3.52580131e+10 2.18563000e-03 7.63622200e-02 7.33290000e-02
1.00000000e+00 1.00000000e+00 3.52580131e+10 2.19440400e-03 7.49123800e-02 7.29598000e-02
1.00000000e+00 1.00000000e+00 3.52580131e+10 2.15120200e-03 7.61978200e-02 7.32420000e-02
1.00000000e+00 1.00000000e+00 3.52580131e+10 2.14343000e-03 7.71589800e-02 7.30398000e-02
1.00000000e+00 1.00000000e+00 3.52580131e+10 2.16484000e-03 7.31209800e-02 7.32406000e-02
1.00000000e+00 1.00000000e+00 3.52580131e+10 2.13723000e-03 7.68729200e-02 7.33342000e-02
1.00000000e+00 1.00000000e+00 3.52580131e+10 2.21982000e-03 7.58919800e-02 7.32978000e-02
1.00000000e+00 1.00000000e+00 3.52580131e+10 2.16317200e-03 7.59825800e-02 7.27822000e-02
1.00000000e+00 1.00000000e+00 3.52580131e+10 3.62567800e-03 7.53996400e-02 7.37086000e-02
1.00000000e+00 1.00000000e+00 3.52580131e+10 2.12583600e-03 7.23932200e-02 7.34950000e-02
livejournal
err
1.20000000e+01 5.00000000e+00 3.29715844e+12 2.03729200e+00 7.00107000e+00 5.45817400e+00
3.00000000e+00 7.00000000e+00 3.29715844e+12 2.25112600e-01 2.59568000e+00 1.12465240e+00
2.00000000e+00 2.00000000e+00 3.29715844e+12 6.53299800e-02 1.92805800e+00 9.01848000e-01
1.00000000e+00 2.00000000e+00 3.29715844e+12 2.66057400e-02 1.15914200e+00 9.04192400e-01
1.00000000e+00 1.00000000e+00 3.29715844e+12 1.32234800e-02 1.17246800e+00 9.17634200e-01
1.00000000e+00 1.00000000e+00 3.29715844e+12 1.39516200e-02 1.19730200e+00 9.14327600e-01
1.00000000e+00 1.00000000e+00 3.29715844e+12 1.35360800e-02 1.17212800e+00 9.20692000e-01
1.00000000e+00 1.00000000e+00 3.29715844e+12 1.42680200e-02 1.18108400e+00 9.17831400e-01
1.00000000e+00 1.00000000e+00 3.29715844e+12 1.39157600e-02 1.16066400e+00 9.17432600e-01
1.00000000e+00 1.00000000e+00 3.29715844e+12 1.33451600e-02 1.16790800e+00 9.16517400e-01
delicious
err
err
err
2.00000000e+00 1.80000000e+01 5.68922524e+10 5.16498200e-01 3.07496000e+00 1.24922400e+00
1.00000000e+00 5.00000000e+00 5.68922524e+10 8.48595000e-02 1.58041600e+00 1.01720740e+00
1.00000000e+00 2.00000000e+00 5.68922524e+10 7.31045200e-02 1.58443600e+00 1.03092000e+00
1.00000000e+00 1.00000000e+00 5.68922524e+10 3.05376800e-02 1.58314000e+00 1.02984200e+00
1.00000000e+00 1.00000000e+00 5.68922524e+10 3.00019400e-02 1.56694800e+00 1.03304800e+00
1.00000000e+00 1.00000000e+00 5.68922524e+10 3.02626600e-02 1.59038800e+00 1.03524000e+00
1.00000000e+00 1.00000000e+00 5.68922524e+10 3.00582400e-02 1.59878400e+00 1.03378000e+00
1.00000000e+00 1.00000000e+00 5.68922524e+10 3.03821600e-02 1.61167600e+00 1.02489000e+00
trackers
err
err
err
4.00000000e+00 8.00000000e+00 2.00675672e+13 1.21199600e+00 6.79733000e+00 2.78189000e+00
1.00000000e+00 1.30000000e+01 2.00675672e+13 1.31927800e-01 2.09249400e+00 1.35021400e+00
1.00000000e+00 2.00000000e+00 2.00675672e+13 6.19573600e-02 1.19385800e+00 1.35335000e+00
1.00000000e+00 1.00000000e+00 2.00675672e+13 3.32172600e-02 1.18117800e+00 1.33863200e+00
1.00000000e+00 1.00000000e+00 2.00675672e+13 3.45623000e-02 1.16974200e+00 1.34080400e+00
1.00000000e+00 1.00000000e+00 2.00675672e+13 3.39253800e-02 1.17593200e+00 1.33769000e+00
1.00000000e+00 1.00000000e+00 2.00675672e+13 3.40603400e-02 1.16871800e+00 1.32961800e+00
1.00000000e+00 1.00000000e+00 2.00675672e+13 3.44874200e-02 1.17569200e+00 1.32245200e+00
orkut
err
3.70000000e+01 3.00000000e+00 2.21317012e+13 1.70925800e+01 5.46779200e+01 4.69624400e+01
9.00000000e+00 3.00000000e+00 2.21317012e+13 1.67998000e+00 2.89432800e+01 7.67343600e+00
4.00000000e+00 2.00000000e+00 2.21317012e+13 5.04270400e-01 2.14617200e+01 3.69608400e+00
2.00000000e+00 1.00000000e+00 2.21317012e+13 2.42298400e-02 1.63758000e+01 2.50535400e+00
1.00000000e+00 1.00000000e+00 2.21317012e+13 1.21709660e-02 1.10722400e+01 2.50352000e+00
1.00000000e+00 1.00000000e+00 2.21317012e+13 1.43016000e-02 1.07997200e+01 2.52224200e+00
1.00000000e+00 1.00000000e+00 2.21317012e+13 1.39852000e-02 1.10077200e+01 2.53282000e+00
1.00000000e+00 1.00000000e+00 2.21317012e+13 1.42646000e-02 1.14099600e+01 2.62397200e+00
1.00000000e+00 1.00000000e+00 2.21317012e+13 1.45085400e-02 1.14203800e+01 2.62749200e+00
1.00000000e+00 1.00000000e+00 2.21317012e+13 5.44808200e-02 1.14927400e+01 2.61567400e+00
bi-twitter
err
err
err
1.50000000e+01 4.00000000e+00 6.30255304e+13 1.45995200e+01 8.17882200e+01 3.58870000e+01
4.00000000e+00 5.00000000e+00 6.30255304e+13 1.70431800e+00 4.28083400e+01 7.49238200e+00
2.00000000e+00 2.00000000e+00 6.30255304e+13 4.78900800e-01 3.20377200e+01 4.75020800e+00
1.00000000e+00 2.00000000e+00 6.30255304e+13 2.04249200e-01 2.19780800e+01 4.91057400e+00
1.00000000e+00 1.00000000e+00 6.30255304e+13 3.32814400e-02 1.95360800e+01 4.80827000e+00
1.00000000e+00 1.00000000e+00 6.30255304e+13 3.38104400e-02 1.97087000e+01 4.83191800e+00
1.00000000e+00 1.00000000e+00 6.30255304e+13 3.52705800e-02 1.93435600e+01 4.82323000e+00
1.00000000e+00 1.00000000e+00 6.30255304e+13 3.34354000e-02 1.95746200e+01 4.83852600e+00
bi-sk
err
err
err
3.40000000e+01 4.00000000e+00 1.22335845e+14 6.11891400e+01 6.74417200e+01 1.63374400e+02
7.00000000e+00 3.00000000e+00 1.22335845e+14 2.92844800e+00 1.89433400e+01 1.60862200e+01
3.00000000e+00 2.00000000e+00 1.22335845e+14 7.06810800e-01 1.32587800e+01 7.90257200e+00
2.00000000e+00 1.00000000e+00 1.22335845e+14 9.73253400e-02 1.14626540e+01 7.45504000e+00
1.00000000e+00 1.00000000e+00 1.22335845e+14 5.28758000e-02 5.13101600e+00 6.59471200e+00
1.00000000e+00 1.00000000e+00 1.22335845e+14 3.90786200e-02 5.21999400e+00 6.59922800e+00
1.00000000e+00 1.00000000e+00 1.22335845e+14 6.08977400e-02 4.93721800e+00 6.62998200e+00
1.00000000e+00 1.00000000e+00 1.22335845e+14 3.97403800e-02 4.86534000e+00 6.94907200e+00
bi-uk
err
err
err
err
1.50000000e+01 3.00000000e+00 4.89076264e+14 1.88386600e+01 6.12560200e+01 6.69164800e+01
5.00000000e+00 2.00000000e+00 4.89076264e+14 2.58111800e+00 3.95601400e+01 1.90212200e+01
2.00000000e+00 3.00000000e+00 4.89076264e+14 8.45562000e-01 3.38112200e+01 1.01796680e+01
1.00000000e+00 2.00000000e+00 4.89076264e+14 3.13616800e-01 1.41573600e+01 1.03228100e+01
1.00000000e+00 1.00000000e+00 4.89076264e+14 5.44878400e-02 2.20125000e+01 1.01887720e+01
1.00000000e+00 1.00000000e+00 4.89076264e+14 5.66859200e-02 1.75332000e+01 1.01663360e+01
1.00000000e+00 1.00000000e+00 4.89076264e+14 5.60522000e-02 1.27570800e+01 1.04980600e+01
twitter
1.00000000e+00 2.00000000e+00 2.06508691e+08 2.92968800e-04 1.44567000e-02 4.28795800e-03
1.00000000e+00 1.00000000e+00 2.06508691e+08 4.32014600e-05 1.29130200e-02 4.30794000e-03
1.00000000e+00 1.00000000e+00 2.06508691e+08 4.27723000e-05 1.28939600e-02 4.18462800e-03
1.00000000e+00 1.00000000e+00 2.06508691e+08 4.42028000e-05 1.31314200e-02 4.17800000e-03
1.00000000e+00 1.00000000e+00 2.06508691e+08 4.36306200e-05 1.31386000e-02 4.21228400e-03
1.00000000e+00 1.00000000e+00 2.06508691e+08 4.22001000e-05 1.29895200e-02 4.20513000e-03
1.00000000e+00 1.00000000e+00 2.06508691e+08 4.35829400e-05 1.30133800e-02 4.22196600e-03
1.00000000e+00 1.00000000e+00 2.06508691e+08 4.16279000e-05 1.27636000e-02 4.19812200e-03
1.00000000e+00 1.00000000e+00 2.06508691e+08 4.22001000e-05 1.30455800e-02 4.20823000e-03
1.00000000e+00 1.00000000e+00 2.06508691e+08 4.38213200e-05 1.38842200e-02 4.18853800e-03
1.00000000e+00 1.00000000e+00 2.06508691e+08 4.10080000e-05 1.29975600e-02 4.20441600e-03
filcker
1.00000000e+00 2.00000000e+00 3.52580131e+10 2.89011200e-04 5.32308000e-02 1.46175400e-02
1.00000000e+00 1.00000000e+00 3.52580131e+10 5.15461000e-05 5.63882400e-02 1.46065200e-02
1.00000000e+00 1.00000000e+00 3.52580131e+10 5.42164000e-05 5.91574000e-02 1.46298000e-02
1.00000000e+00 1.00000000e+00 3.52580131e+10 5.95569800e-05 6.92715600e-02 1.46214600e-02
1.00000000e+00 1.00000000e+00 3.52580131e+10 6.12258800e-05 6.95133000e-02 1.46393400e-02
1.00000000e+00 1.00000000e+00 3.52580131e+10 4.74929800e-05 5.78282200e-02 1.46416200e-02
1.00000000e+00 1.00000000e+00 3.52580131e+10 5.06401200e-05 5.39326200e-02 1.46107600e-02
1.00000000e+00 1.00000000e+00 3.52580131e+10 4.94480400e-05 6.03094200e-02 1.46131400e-02
1.00000000e+00 1.00000000e+00 3.52580131e+10 4.72069000e-05 5.43701600e-02 1.46013800e-02
1.00000000e+00 1.00000000e+00 3.52580131e+10 5.24044000e-05 6.08990200e-02 1.46032400e-02
1.00000000e+00 1.00000000e+00 3.52580131e+10 4.79698400e-05 5.76338400e-02 1.46139600e-02
livejournal
err
1.20000000e+01 9.00000000e+00 3.29715844e+12 1.47424400e+00 1.65968600e+01 4.52497000e+00
3.00000000e+00 1.20000000e+01 3.29715844e+12 1.25655200e-01 2.47285400e+00 8.85241600e-01
2.00000000e+00 3.00000000e+00 3.29715844e+12 1.84563800e-02 9.98745200e-01 3.16096200e-01
1.00000000e+00 3.00000000e+00 3.29715844e+12 6.17609000e-03 6.16079400e-01 2.34219200e-01
1.00000000e+00 1.00000000e+00 3.29715844e+12 3.24058600e-04 5.99979000e-01 1.95071000e-01
1.00000000e+00 1.00000000e+00 3.29715844e+12 3.25346000e-04 6.03792200e-01 1.95755800e-01
1.00000000e+00 1.00000000e+00 3.29715844e+12 3.23200400e-04 6.00426400e-01 1.94932800e-01
1.00000000e+00 1.00000000e+00 3.29715844e+12 3.26538000e-04 6.03258600e-01 1.95137400e-01
1.00000000e+00 1.00000000e+00 3.29715844e+12 3.25489200e-04 6.01249200e-01 1.95188200e-01
1.00000000e+00 1.00000000e+00 3.29715844e+12 3.25441400e-04 6.00991200e-01 1.95235800e-01
delicious
err
err
err
2.00000000e+00 3.40000000e+01 5.68922524e+10 4.55335800e-01 2.54807800e+00 5.59169200e-01
1.00000000e+00 1.00000000e+01 5.68922524e+10 4.43519200e-02 1.24354600e+00 2.71957800e-01
1.00000000e+00 3.00000000e+00 5.68922524e+10 1.92486800e-02 1.13443600e+00 2.17183600e-01
1.00000000e+00 2.00000000e+00 5.68922524e+10 1.42114200e-02 1.13039800e+00 2.18710000e-01
1.00000000e+00 1.00000000e+00 5.68922524e+10 9.88388200e-04 1.18246200e+00 2.16853000e-01
1.00000000e+00 1.00000000e+00 5.68922524e+10 9.75941600e-04 1.18106600e+00 2.16765600e-01
1.00000000e+00 1.00000000e+00 5.68922524e+10 9.80567600e-04 1.17951000e+00 2.16865800e-01
1.00000000e+00 1.00000000e+00 5.68922524e+10 9.72271000e-04 1.17774000e+00 2.16926800e-01
trackers
err
err
err
4.00000000e+00 1.50000000e+01 2.00675672e+13 9.87221600e-01 3.05818600e+01 4.69948600e+00
1.00000000e+00 2.40000000e+01 2.00675672e+13 1.08479800e-01 5.31654800e+00 2.88695200e-01
1.00000000e+00 4.00000000e+00 2.00675672e+13 2.65722000e-02 2.58810200e+00 2.87187200e-01
1.00000000e+00 2.00000000e+00 2.00675672e+13 1.66260800e-02 2.31875400e+00 2.87165600e-01
1.00000000e+00 1.00000000e+00 2.00675672e+13 1.14402600e-03 1.76733400e+00 2.87934400e-01
1.00000000e+00 1.00000000e+00 2.00675672e+13 1.14359800e-03 1.76457200e+00 2.87056200e-01
1.00000000e+00 1.00000000e+00 2.00675672e+13 1.14417200e-03 1.76486000e+00 2.87739000e-01
1.00000000e+00 1.00000000e+00 2.00675672e+13 1.13372800e-03 1.76666000e+00 2.86990000e-01
orkut
err
3.70000000e+01 5.00000000e+00 2.21317012e+13 8.88273600e+00 5.30443600e+01 3.53206200e+01
9.00000000e+00 5.00000000e+00 2.21317012e+13 5.64455400e-01 1.27589400e+01 6.69401600e+00
4.00000000e+00 3.00000000e+00 2.21317012e+13 7.92970400e-02 7.14561200e+00 2.39623400e+00
2.00000000e+00 2.00000000e+00 2.21317012e+13 1.75252000e-02 5.97258200e+00 1.42313020e+00
1.00000000e+00 2.00000000e+00 2.21317012e+13 6.21271200e-03 6.24644000e+00 5.32158200e-01
1.00000000e+00 1.00000000e+00 2.21317012e+13 3.44848400e-04 6.23767600e+00 5.38614600e-01
1.00000000e+00 1.00000000e+00 2.21317012e+13 3.46183800e-04 6.23972000e+00 5.33543600e-01
1.00000000e+00 1.00000000e+00 2.21317012e+13 3.42559800e-04 6.24249800e+00 5.34050400e-01
1.00000000e+00 1.00000000e+00 2.21317012e+13 3.42464600e-04 6.24173800e+00 5.34067400e-01
1.00000000e+00 1.00000000e+00 2.21317012e+13 3.49950600e-04 6.24286600e+00 5.36092400e-01
bi-twitter
err
err
err
1.50000000e+01 7.00000000e+00 6.30255304e+13 7.18063000e+00 9.03289000e+01 3.06454400e+01
4.00000000e+00 9.00000000e+00 6.30255304e+13 7.14350200e-01 2.63894400e+01 9.84465400e+00
2.00000000e+00 4.00000000e+00 6.30255304e+13 1.11937600e-01 1.44225200e+01 5.28708200e+00
1.00000000e+00 3.00000000e+00 6.30255304e+13 2.44429600e-02 1.27638600e+01 1.12057200e+00
1.00000000e+00 1.00000000e+00 6.30255304e+13 1.41382200e-03 1.22375600e+01 1.01757800e+00
1.00000000e+00 1.00000000e+00 6.30255304e+13 1.14674400e-03 1.22390200e+01 1.01814800e+00
1.00000000e+00 1.00000000e+00 6.30255304e+13 1.14302600e-03 1.22393200e+01 1.01833400e+00
1.00000000e+00 1.00000000e+00 6.30255304e+13 1.31302000e-03 1.22406600e+01 1.03937600e+00
bi-sk
err
err
err
3.40000000e+01 7.00000000e+00 1.22335845e+14 4.49140000e+01 2.30881200e+02 1.27940800e+02
7.00000000e+00 6.00000000e+00 1.22335845e+14 1.89469400e+00 3.78139200e+01 2.38179000e+01
3.00000000e+00 4.00000000e+00 1.22335845e+14 2.81068400e-01 1.27033600e+01 8.20042200e+00
2.00000000e+00 2.00000000e+00 1.22335845e+14 8.29100600e-02 7.04315200e+00 5.79223400e+00
1.00000000e+00 2.00000000e+00 1.22335845e+14 2.09543000e-02 3.88276600e+00 1.51453000e+00
1.00000000e+00 1.00000000e+00 1.22335845e+14 1.39141000e-03 3.49424200e+00 1.51857600e+00
1.00000000e+00 1.00000000e+00 1.22335845e+14 1.37839200e-03 3.49305600e+00 1.52113600e+00
1.00000000e+00 1.00000000e+00 1.22335845e+14 1.38240000e-03 3.49278600e+00 1.52398200e+00
bi-uk
err
err
err
err
1.50000000e+01 6.00000000e+00 4.89076264e+14 1.25559600e+01 1.13382800e+02 5.89763800e+01
5.00000000e+00 4.00000000e+00 4.89076264e+14 1.14434200e+00 3.12674800e+01 2.15304740e+01
2.00000000e+00 5.00000000e+00 4.89076264e+14 2.72253800e-01 1.59453200e+01 9.66323400e+00
1.00000000e+00 4.00000000e+00 4.89076264e+14 6.56888000e-02 8.78937400e+00 5.18845400e+00
