twitter
1.00000000e+00 1.00000000e+00 2.06508691e+08 4.39782200e-03 1.95379600e-01 1.95386000e-02
1.00000000e+00 1.00000000e+00 2.06508691e+08 2.41966400e-03 1.01469800e-01 1.95606000e-02
1.00000000e+00 1.00000000e+00 2.06508691e+08 1.44100000e-03 5.21481400e-02 1.95934000e-02
1.00000000e+00 1.00000000e+00 2.06508691e+08 1.30996600e-03 2.65472000e-02 1.96608000e-02
1.00000000e+00 1.00000000e+00 2.06508691e+08 1.74908600e-03 1.56891800e-02 1.96928000e-02
1.00000000e+00 1.00000000e+00 2.06508691e+08 2.07061600e-03 1.02474260e-02 1.98020000e-02
1.00000000e+00 1.00000000e+00 2.06508691e+08 2.38642600e-03 9.95978800e-03 1.98742000e-02
1.00000000e+00 1.00000000e+00 2.06508691e+08 3.81317000e-03 8.66947200e-03 1.99430000e-02
filcker
1.00000000e+00 1.00000000e+00 3.52580131e+10 2.99744600e-03 3.02018400e+00 7.11366000e-02
1.00000000e+00 1.00000000e+00 3.52580131e+10 1.94158400e-03 1.55798400e+00 7.04996000e-02
1.00000000e+00 1.00000000e+00 3.52580131e+10 1.20940200e-03 7.47782600e-01 7.12556000e-02
1.00000000e+00 1.00000000e+00 3.52580131e+10 1.12762600e-03 3.71693800e-01 7.04676000e-02
1.00000000e+00 1.00000000e+00 3.52580131e+10 1.52044400e-03 1.96605000e-01 6.98394000e-02
1.00000000e+00 1.00000000e+00 3.52580131e+10 1.67574800e-03 1.09652600e-01 7.15238000e-02
1.00000000e+00 1.00000000e+00 3.52580131e+10 2.09402800e-03 7.50536000e-02 7.22256000e-02
1.00000000e+00 1.00000000e+00 3.52580131e+10 3.57222600e-03 9.08185600e-02 7.37336000e-02
livejournal
1.00000000e+00 1.00000000e+00 3.29715844e+12 6.26261200e-02 4.22299200e+01 9.57693400e-01
1.00000000e+00 1.00000000e+00 3.29715844e+12 4.00779800e-02 2.36381000e+01 9.57076800e-01
1.00000000e+00 1.00000000e+00 3.29715844e+12 2.15379800e-02 1.22901200e+01 9.59796000e-01
1.00000000e+00 1.00000000e+00 3.29715844e+12 1.26912600e-02 6.04834800e+00 9.56633800e-01
1.00000000e+00 1.00000000e+00 3.29715844e+12 1.16042140e-02 2.87298600e+00 9.51120400e-01
1.00000000e+00 1.00000000e+00 3.29715844e+12 1.10651600e-02 1.57268400e+00 9.53137800e-01
1.00000000e+00 1.00000000e+00 3.29715844e+12 1.35322800e-02 1.21146000e+00 9.62119400e-01
1.00000000e+00 1.00000000e+00 3.29715844e+12 1.64267400e-02 1.00070220e+00 9.52947800e-01
delicious
1.00000000e+00 1.00000000e+00 5.68922524e+10 1.98674420e-01 5.87013000e+01 1.02920160e+00
1.00000000e+00 1.00000000e+00 5.68922524e+10 1.24758200e-01 3.12390800e+01 1.05540400e+00
1.00000000e+00 1.00000000e+00 5.68922524e+10 6.64482200e-02 1.57482800e+01 1.05283800e+00
1.00000000e+00 1.00000000e+00 5.68922524e+10 3.94144200e-02 7.84703000e+00 1.06296800e+00
1.00000000e+00 1.00000000e+00 5.68922524e+10 2.77840200e-02 3.66143000e+00 1.06493600e+00
1.00000000e+00 1.00000000e+00 5.68922524e+10 3.04275600e-02 2.00490800e+00 1.04530000e+00
1.00000000e+00 1.00000000e+00 5.68922524e+10 3.06469800e-02 1.60827600e+00 1.04479400e+00
1.00000000e+00 1.00000000e+00 5.68922524e+10 3.56065800e-02 1.19355600e+00 1.03767200e+00
trackers
1.00000000e+00 1.00000000e+00 2.00675672e+13 2.22813040e-01 3.95564200e+01 1.31779000e+00
1.00000000e+00 1.00000000e+00 2.00675672e+13 1.41522800e-01 2.21599000e+01 1.35016600e+00
1.00000000e+00 1.00000000e+00 2.00675672e+13 7.60142000e-02 1.15356400e+01 1.37001600e+00
1.00000000e+00 1.00000000e+00 2.00675672e+13 4.45774600e-02 5.33506800e+00 1.35884600e+00
1.00000000e+00 1.00000000e+00 2.00675672e+13 3.25373600e-02 2.60944400e+00 1.35278600e+00
1.00000000e+00 1.00000000e+00 2.00675672e+13 3.67868000e-02 1.59152000e+00 1.34858200e+00
1.00000000e+00 1.00000000e+00 2.00675672e+13 3.38505600e-02 1.18047400e+00 1.31638600e+00
1.00000000e+00 1.00000000e+00 2.00675672e+13 6.29288200e-02 1.10397400e+00 1.31705800e+00
orkut
1.00000000e+00 1.00000000e+00 2.21317012e+13 6.58044800e-02 3.80162200e+02 2.44242000e+00
1.00000000e+00 1.00000000e+00 2.21317012e+13 4.07084600e-02 2.00228200e+02 2.45890200e+00
1.00000000e+00 1.00000000e+00 2.21317012e+13 2.17370000e-02 1.01292000e+02 2.45247000e+00
1.00000000e+00 1.00000000e+00 2.21317012e+13 1.38815800e-02 5.16290600e+01 2.44618000e+00
1.00000000e+00 1.00000000e+00 2.21317012e+13 1.03004260e-02 2.64985400e+01 2.44079800e+00
1.00000000e+00 1.00000000e+00 2.21317012e+13 1.14068200e-02 1.44089600e+01 2.43492000e+00
1.00000000e+00 1.00000000e+00 2.21317012e+13 1.47665800e-02 1.15106000e+01 2.40489200e+00
1.00000000e+00 1.00000000e+00 2.21317012e+13 1.69948000e-02 9.53700000e+00 2.40735200e+00
bi-twitter
1.00000000e+00 1.00000000e+00 6.30255304e+13 2.21494020e-01 6.98615600e+02 4.43813200e+00
1.00000000e+00 1.00000000e+00 6.30255304e+13 1.41430800e-01 3.87556600e+02 4.51488000e+00
1.00000000e+00 1.00000000e+00 6.30255304e+13 7.56369400e-02 1.85443200e+02 4.54197600e+00
1.00000000e+00 1.00000000e+00 6.30255304e+13 4.49493400e-02 9.58779400e+01 4.53944000e+00
1.00000000e+00 1.00000000e+00 6.30255304e+13 3.58366200e-02 5.05333600e+01 4.51567400e+00
1.00000000e+00 1.00000000e+00 6.30255304e+13 3.32388600e-02 2.88981000e+01 4.49543600e+00
1.00000000e+00 1.00000000e+00 6.30255304e+13 3.30830200e-02 1.96908800e+01 4.45839600e+00
1.00000000e+00 1.00000000e+00 6.30255304e+13 4.01047600e-02 1.93292200e+01 4.45988600e+00
bi-sk
1.00000000e+00 1.00000000e+00 1.22335845e+14 2.90992800e-01 1.79990600e+02 7.16346000e+00
1.00000000e+00 1.00000000e+00 1.22335845e+14 1.74868600e-01 1.01338000e+02 7.27145000e+00
1.00000000e+00 1.00000000e+00 1.22335845e+14 9.20537600e-02 4.79599400e+01 7.25826200e+00
1.00000000e+00 1.00000000e+00 1.22335845e+14 5.63208000e-02 2.42132600e+01 7.24054000e+00
1.00000000e+00 1.00000000e+00 1.22335845e+14 4.12890200e-02 1.47951000e+01 7.23968200e+00
1.00000000e+00 1.00000000e+00 1.22335845e+14 4.42740400e-02 6.44962200e+00 7.20530000e+00
1.00000000e+00 1.00000000e+00 1.22335845e+14 3.92434000e-02 4.73884400e+00 7.17458600e+00
1.00000000e+00 1.00000000e+00 1.22335845e+14 6.48052200e-02 3.79353200e+00 6.82638400e+00
bi-uk
1.00000000e+00 1.00000000e+00 4.89076264e+14 4.34575800e-01 5.40177800e+02 1.05936800e+01
1.00000000e+00 1.00000000e+00 4.89076264e+14 2.64357600e-01 2.93623000e+02 1.05742000e+01
1.00000000e+00 1.00000000e+00 4.89076264e+14 1.41920800e-01 1.48699000e+02 1.05767200e+01
1.00000000e+00 1.00000000e+00 4.89076264e+14 8.42814000e-02 7.75688000e+01 1.05730000e+01
1.00000000e+00 1.00000000e+00 4.89076264e+14 6.39167600e-02 4.10146200e+01 1.05747400e+01
1.00000000e+00 1.00000000e+00 4.89076264e+14 6.13102000e-02 2.00087800e+01 1.05375200e+01
1.00000000e+00 1.00000000e+00 4.89076264e+14 5.87657000e-02 1.40510600e+01 1.04873400e+01
1.00000000e+00 1.00000000e+00 4.89076264e+14 6.67126000e-02 9.37662800e+00 1.04751000e+01
twitter
1.00000000e+00 1.00000000e+00 2.06508691e+08 5.09405200e-04 9.43644200e-01 4.19259200e-03
1.00000000e+00 1.00000000e+00 2.06508691e+08 2.37607800e-04 4.73442600e-01 4.17952400e-03
1.00000000e+00 1.00000000e+00 2.06508691e+08 1.40190000e-04 2.54172000e-01 4.18481800e-03
1.00000000e+00 1.00000000e+00 2.06508691e+08 8.85486600e-05 1.31204600e-01 4.19821800e-03
1.00000000e+00 1.00000000e+00 2.06508691e+08 6.40392400e-05 7.35104000e-02 4.15544400e-03
1.00000000e+00 1.00000000e+00 2.06508691e+08 5.20229200e-05 3.84845800e-02 4.17185000e-03
1.00000000e+00 1.00000000e+00 2.06508691e+08 4.79698200e-05 2.50018000e-02 4.20980400e-03
1.00000000e+00 1.00000000e+00 2.06508691e+08 4.31537600e-05 1.46098200e-02 4.19640600e-03
1.00000000e+00 1.00000000e+00 2.06508691e+08 4.48703600e-05 9.16318800e-03 4.18396200e-03
filcker
1.00000000e+00 1.00000000e+00 3.52580131e+10 5.02729400e-04 3.93996400e+00 1.46522000e-02
1.00000000e+00 1.00000000e+00 3.52580131e+10 2.61879000e-04 2.01647400e+00 1.45502000e-02
1.00000000e+00 1.00000000e+00 3.52580131e+10 1.59788200e-04 1.05315800e+00 1.45994400e-02
1.00000000e+00 1.00000000e+00 3.52580131e+10 9.94205400e-05 5.32825200e-01 1.45964600e-02
1.00000000e+00 1.00000000e+00 3.52580131e+10 6.83784600e-05 2.73419600e-01 1.46608000e-02
1.00000000e+00 1.00000000e+00 3.52580131e+10 5.78403400e-05 1.39626200e-01 1.45968000e-02
1.00000000e+00 1.00000000e+00 3.52580131e+10 5.28335600e-05 7.24962400e-02 1.45323800e-02
1.00000000e+00 1.00000000e+00 3.52580131e+10 5.11646200e-05 5.54632200e-02 1.45698000e-02
1.00000000e+00 1.00000000e+00 3.52580131e+10 4.87804600e-05 4.35781400e-02 1.45554600e-02
livejournal
1.00000000e+00 1.00000000e+00 3.29715844e+12 1.74593000e-02 4.83482200e+01 1.94410400e-01
1.00000000e+00 1.00000000e+00 3.29715844e+12 8.20355400e-03 2.47019800e+01 1.91597600e-01
1.00000000e+00 1.00000000e+00 3.29715844e+12 4.41117400e-03 1.28259000e+01 1.91593000e-01
1.00000000e+00 1.00000000e+00 3.29715844e+12 2.42619400e-03 6.56614200e+00 1.92599000e-01
1.00000000e+00 1.00000000e+00 3.29715844e+12 1.13821000e-03 3.38005000e+00 1.92463600e-01
1.00000000e+00 1.00000000e+00 3.29715844e+12 6.41632000e-04 1.74287400e+00 1.91233400e-01
1.00000000e+00 1.00000000e+00 3.29715844e+12 4.10032400e-04 9.26254000e-01 1.92353400e-01
1.00000000e+00 1.00000000e+00 3.29715844e+12 3.28207000e-04 5.98541600e-01 1.91391000e-01
1.00000000e+00 1.00000000e+00 3.29715844e+12 2.99120000e-04 4.77986000e-01 1.91273000e-01
delicious
1.00000000e+00 1.00000000e+00 5.68922524e+10 5.28633800e-02 8.43617200e+01 2.14682200e-01
1.00000000e+00 1.00000000e+00 5.68922524e+10 2.58442400e-02 4.31592800e+01 2.16877800e-01
1.00000000e+00 1.00000000e+00 5.68922524e+10 1.35280000e-02 2.21855800e+01 2.13589400e-01
1.00000000e+00 1.00000000e+00 5.68922524e+10 7.12013200e-03 1.13137000e+01 2.17153000e-01
1.00000000e+00 1.00000000e+00 5.68922524e+10 3.96237600e-03 5.83572600e+00 2.16970000e-01
1.00000000e+00 1.00000000e+00 5.68922524e+10 2.23527000e-03 3.03006000e+00 2.16988400e-01
1.00000000e+00 1.00000000e+00 5.68922524e+10 1.28417200e-03 1.66267200e+00 2.16968800e-01
1.00000000e+00 1.00000000e+00 5.68922524e+10 9.90866600e-04 1.18014600e+00 2.16825200e-01
1.00000000e+00 1.00000000e+00 5.68922524e+10 9.05227600e-04 1.11049600e+00 2.16690800e-01
trackers
1.00000000e+00 1.00000000e+00 2.00675672e+13 5.55824400e-02 1.24305400e+02 2.87220400e-01
1.00000000e+00 1.00000000e+00 2.00675672e+13 2.80279600e-02 6.37565000e+01 2.87385000e-01
1.00000000e+00 1.00000000e+00 2.00675672e+13 1.56444000e-02 3.22649400e+01 2.87506600e-01
1.00000000e+00 1.00000000e+00 2.00675672e+13 7.69038000e-03 1.64897600e+01 2.87678400e-01
1.00000000e+00 1.00000000e+00 2.00675672e+13 4.45642600e-03 8.42658400e+00 2.83005600e-01
1.00000000e+00 1.00000000e+00 2.00675672e+13 2.43596800e-03 4.35356800e+00 2.83817200e-01
1.00000000e+00 1.00000000e+00 2.00675672e+13 1.38640600e-03 2.27095800e+00 2.83703200e-01
1.00000000e+00 1.00000000e+00 2.00675672e+13 1.15356200e-03 1.76590800e+00 2.82294600e-01
1.00000000e+00 1.00000000e+00 2.00675672e+13 1.06239200e-03 1.86604400e+00 2.82178800e-01
orkut
1.00000000e+00 1.00000000e+00 2.21317012e+13 1.40944400e-02 3.56330200e+02 5.19595600e-01
1.00000000e+00 1.00000000e+00 2.21317012e+13 7.49659600e-03 1.82013800e+02 5.24833200e-01
1.00000000e+00 1.00000000e+00 2.21317012e+13 3.79543400e-03 9.27055600e+01 5.21947800e-01
1.00000000e+00 1.00000000e+00 2.21317012e+13 2.10452000e-03 4.72790800e+01 5.35984800e-01
1.00000000e+00 1.00000000e+00 2.21317012e+13 1.15675800e-03 2.44898800e+01 5.34059800e-01
1.00000000e+00 1.00000000e+00 2.21317012e+13 6.56747800e-04 1.28692400e+01 5.35899000e-01
1.00000000e+00 1.00000000e+00 2.21317012e+13 4.03976600e-04 7.55732400e+00 5.34056200e-01
1.00000000e+00 1.00000000e+00 2.21317012e+13 3.46565400e-04 6.24151400e+00 5.36500800e-01
1.00000000e+00 1.00000000e+00 2.21317012e+13 3.26967400e-04 7.51132400e+00 5.36496000e-01
bi-twitter
1.00000000e+00 1.00000000e+00 6.30255304e+13 4.86308200e-02 6.85891800e+02 1.01630200e+00
1.00000000e+00 1.00000000e+00 6.30255304e+13 2.49522000e-02 3.47418400e+02 1.02077800e+00
1.00000000e+00 1.00000000e+00 6.30255304e+13 1.29476000e-02 1.77824400e+02 1.02935000e+00
1.00000000e+00 1.00000000e+00 6.30255304e+13 6.86741000e-03 9.11678000e+01 1.02183600e+00
1.00000000e+00 1.00000000e+00 6.30255304e+13 3.84764800e-03 4.75660200e+01 1.31294200e+00
1.00000000e+00 1.00000000e+00 6.30255304e+13 2.06446800e-03 2.55323800e+01 1.02108200e+00
1.00000000e+00 1.00000000e+00 6.30255304e+13 1.28603000e-03 1.48303400e+01 9.83821400e-01
1.00000000e+00 1.00000000e+00 6.30255304e+13 1.13673200e-03 1.22379200e+01 9.94462600e-01
1.00000000e+00 2.00000000e+00 6.30255304e+13 1.21580200e-02 1.45652200e+01 1.01811600e+00
bi-sk
1.00000000e+00 1.00000000e+00 1.22335845e+14 5.88640000e-02 3.00360600e+02 1.53134200e+00
1.00000000e+00 1.00000000e+00 1.22335845e+14 3.03438200e-02 1.53453200e+02 1.52537200e+00
1.00000000e+00 1.00000000e+00 1.22335845e+14 1.56545600e-02 7.93735000e+01 1.51867800e+00
1.00000000e+00 1.00000000e+00 1.22335845e+14 8.29653800e-03 4.08997800e+01 1.52595000e+00
1.00000000e+00 1.00000000e+00 1.22335845e+14 4.50463400e-03 2.10441200e+01 1.52543200e+00
1.00000000e+00 1.00000000e+00 1.22335845e+14 2.49376400e-03 1.08302800e+01 1.48441200e+00
1.00000000e+00 1.00000000e+00 1.22335845e+14 1.54981800e-03 5.61484400e+00 1.50089400e+00
1.00000000e+00 1.00000000e+00 1.22335845e+14 1.38421000e-03 3.49291400e+00 1.49768000e+00
1.00000000e+00 2.00000000e+00 1.22335845e+14 1.35220600e-02 2.63350200e+00 1.47491200e+00
bi-uk
1.00000000e+00 1.00000000e+00 4.89076264e+14 9.94244200e-02 6.15003600e+02 3.36654800e+00
1.00000000e+00 1.00000000e+00 4.89076264e+14 5.11416800e-02 3.08908200e+02 2.81510000e+00
1.00000000e+00 1.00000000e+00 4.89076264e+14 2.40837400e-02 1.57336200e+02 2.36042000e+00
1.00000000e+00 1.00000000e+00 4.89076264e+14 1.27513400e-02 8.01187600e+01 2.23307600e+00
1.00000000e+00 1.00000000e+00 4.89076264e+14 6.91876400e-03 4.08404400e+01 2.43686200e+00
1.00000000e+00 1.00000000e+00 4.89076264e+14 3.84325800e-03 2.07490800e+01 2.12883800e+00
1.00000000e+00 2.00000000e+00 4.89076264e+14 5.49870000e-02 1.16293800e+01 2.14724000e+00
1.00000000e+00 2.00000000e+00 4.89076264e+14 3.42481600e-02 7.39001200e+00 2.39727800e+00
1.00000000e+00 4.00000000e+00 4.89076264e+14 3.85599200e-02 5.89470000e+00 2.11893600e+00
