twitter

1.00000000e+00 1.00000000e+00 2.06508691e+08 3.96943200e-03 1.98176800e-01 2.01652000e-02
1.00000000e+00 1.00000000e+00 2.06508691e+08 2.54321200e-03 1.01952200e-01 2.03666000e-02
1.00000000e+00 1.00000000e+00 2.06508691e+08 1.49574200e-03 5.24765200e-02 2.04624000e-02
1.00000000e+00 1.00000000e+00 2.06508691e+08 1.31254200e-03 2.67118600e-02 2.05212000e-02
1.00000000e+00 1.00000000e+00 2.06508691e+08 1.80659400e-03 1.64763800e-02 2.04760000e-02
1.00000000e+00 1.00000000e+00 2.06508691e+08 2.21719800e-03 9.90380800e-03 2.07514000e-02
1.00000000e+00 1.00000000e+00 2.06508691e+08 2.52366000e-03 9.42578000e-03 2.07608000e-02
1.00000000e+00 1.00000000e+00 2.06508691e+08 3.83567800e-03 8.79478600e-03 2.06812000e-02
filcker

1.00000000e+00 1.00000000e+00 3.52580131e+10 3.00235800e-03 2.96325200e+00 7.21910000e-02
1.00000000e+00 1.00000000e+00 3.52580131e+10 1.93362200e-03 1.54684000e+00 7.23466000e-02
1.00000000e+00 1.00000000e+00 3.52580131e+10 1.20959400e-03 7.45825600e-01 7.31200000e-02
1.00000000e+00 1.00000000e+00 3.52580131e+10 1.17473600e-03 3.71623800e-01 7.12842000e-02
1.00000000e+00 1.00000000e+00 3.52580131e+10 1.54337800e-03 2.14376800e-01 7.15140000e-02
1.00000000e+00 1.00000000e+00 3.52580131e+10 1.74098000e-03 1.09624780e-01 7.13816000e-02
1.00000000e+00 1.00000000e+00 3.52580131e+10 2.14252800e-03 7.59844400e-02 7.28632000e-02
1.00000000e+00 1.00000000e+00 3.52580131e+10 3.74398200e-03 7.67512200e-02 7.30392000e-02
livejournal

3.00000000e+00 1.00000000e+00 3.29715844e+12 2.64394800e-01 8.66683000e+01 1.39191400e+00
3.00000000e+00 1.00000000e+00 3.29715844e+12 1.87669000e-01 4.98729000e+01 1.69945600e+00
3.00000000e+00 1.00000000e+00 3.29715844e+12 9.39393000e-02 2.37216200e+01 1.46349600e+00
3.00000000e+00 1.00000000e+00 3.29715844e+12 5.72908200e-02 1.11424400e+01 1.25616400e+00
3.00000000e+00 2.00000000e+00 3.29715844e+12 2.46243600e-01 5.35578600e+00 1.10308000e+00
3.00000000e+00 4.00000000e+00 3.29715844e+12 2.12193600e-01 3.40441400e+00 1.25150600e+00
3.00000000e+00 7.00000000e+00 3.29715844e+12 2.17237000e-01 2.55080000e+00 1.25778800e+00
3.00000000e+00 1.30000000e+01 3.29715844e+12 4.60349400e-01 2.70271200e+00 1.27140600e+00
orkut

8.00000000e+00 1.00000000e+00 2.21317012e+13 1.76217800e+00 9.74789200e+02 7.34920600e+00
8.00000000e+00 1.00000000e+00 2.21317012e+13 1.58954400e+00 5.87914800e+02 9.83427400e+00
8.00000000e+00 1.00000000e+00 2.21317012e+13 7.93961200e-01 2.80322800e+02 9.01950600e+00
8.00000000e+00 1.00000000e+00 2.21317012e+13 4.22545200e-01 1.30190000e+02 7.07028200e+00
9.00000000e+00 1.00000000e+00 2.21317012e+13 3.46891000e-01 6.74961600e+01 6.35442800e+00
9.00000000e+00 2.00000000e+00 2.21317012e+13 2.02221800e+00 4.07209400e+01 7.52516800e+00
9.00000000e+00 3.00000000e+00 2.21317012e+13 1.64639200e+00 2.81162400e+01 7.14668400e+00
9.00000000e+00 5.00000000e+00 2.21317012e+13 2.16463800e+00 2.07874000e+01 7.52692400e+00
delicious

1.00000000e+00 1.00000000e+00 5.68922524e+10 2.04843800e-01 5.86207200e+01 1.03413260e+00
1.00000000e+00 1.00000000e+00 5.68922524e+10 1.28848200e-01 3.17104400e+01 1.06131800e+00
1.00000000e+00 1.00000000e+00 5.68922524e+10 6.91832200e-02 1.57273200e+01 1.06038400e+00
1.00000000e+00 1.00000000e+00 5.68922524e+10 3.85685600e-02 7.77843400e+00 1.08043200e+00
1.00000000e+00 2.00000000e+00 5.68922524e+10 1.02697400e-01 3.66056200e+00 1.07646000e+00
1.00000000e+00 3.00000000e+00 5.68922524e+10 9.30811600e-02 1.96410400e+00 1.07057600e+00
1.00000000e+00 5.00000000e+00 5.68922524e+10 8.98029200e-02 1.56322800e+00 1.13344200e+00
1.00000000e+00 1.00000000e+01 5.68922524e+10 9.98246600e-02 1.23872800e+00 1.17312800e+00
trackers

1.00000000e+00 1.00000000e+00 2.00675672e+13 2.33171780e-01 4.08500400e+01 1.34161400e+00
1.00000000e+00 1.00000000e+00 2.00675672e+13 1.46119600e-01 2.19633200e+01 1.37305200e+00
1.00000000e+00 1.00000000e+00 2.00675672e+13 7.73960200e-02 1.16704400e+01 1.38194200e+00
1.00000000e+00 2.00000000e+00 2.00675672e+13 1.61335800e-01 6.24110400e+00 1.37829200e+00
1.00000000e+00 4.00000000e+00 2.00675672e+13 1.16015200e-01 3.12845600e+00 1.37000600e+00
1.00000000e+00 7.00000000e+00 2.00675672e+13 1.12896800e-01 1.91061000e+00 1.36620800e+00
1.00000000e+00 1.30000000e+01 2.00675672e+13 1.34587200e-01 2.23082000e+00 1.46649600e+00
1.00000000e+00 2.50000000e+01 2.00675672e+13 2.40250200e-01 2.89848600e+00 1.51597400e+00
bi-twitter

4.00000000e+00 1.00000000e+00 6.30255304e+13 1.97167400e+00 1.43876200e+03 8.72536600e+00
4.00000000e+00 1.00000000e+00 6.30255304e+13 1.39999000e+00 8.53510000e+02 1.03894800e+01
4.00000000e+00 1.00000000e+00 6.30255304e+13 7.33130000e-01 4.05243800e+02 9.84024000e+00
4.00000000e+00 1.00000000e+00 6.30255304e+13 4.28609600e-01 2.00233200e+02 9.21782400e+00
4.00000000e+00 2.00000000e+00 6.30255304e+13 2.22889000e+00 9.54722200e+01 8.00673600e+00
4.00000000e+00 3.00000000e+00 6.30255304e+13 1.72035000e+00 4.98806200e+01 7.13841000e+00
4.00000000e+00 5.00000000e+00 6.30255304e+13 1.68540000e+00 4.29714800e+01 7.43649600e+00
4.00000000e+00 9.00000000e+00 6.30255304e+13 1.83304800e+00 3.12597200e+01 6.98531400e+00
bi-sk

6.00000000e+00 1.00000000e+00 1.22335845e+14 4.96211200e+00 4.77554200e+02 1.57355400e+01
6.00000000e+00 1.00000000e+00 1.22335845e+14 3.10627600e+00 2.93263200e+02 2.06330600e+01
6.00000000e+00 1.00000000e+00 1.22335845e+14 1.58442400e+00 1.38123400e+02 1.59998600e+01
7.00000000e+00 1.00000000e+00 1.22335845e+14 1.29951600e+00 7.05498000e+01 1.60370600e+01
7.00000000e+00 1.00000000e+00 1.22335845e+14 8.75395600e-01 3.63998000e+01 1.55450200e+01
7.00000000e+00 2.00000000e+00 1.22335845e+14 2.84412000e+00 2.22313000e+01 1.69484600e+01
7.00000000e+00 3.00000000e+00 1.22335845e+14 2.58388400e+00 1.85024600e+01 1.67857800e+01
7.00000000e+00 6.00000000e+00 1.22335845e+14 4.36720000e+00 1.99435000e+01 1.79640600e+01
bi-uk

1.20000000e+01 1.00000000e+00 4.89076264e+14 2.98521800e+01 1.54183600e+03 4.92848000e+01
1.30000000e+01 1.00000000e+00 4.89076264e+14 1.87384800e+01 8.60413200e+02 5.72007000e+01
1.30000000e+01 1.00000000e+00 4.89076264e+14 1.05458800e+01 4.25447800e+02 5.23199000e+01
1.40000000e+01 1.00000000e+00 4.89076264e+14 7.48323800e+00 2.12520800e+02 5.67678600e+01
1.50000000e+01 1.00000000e+00 4.89076264e+14 6.64261200e+00 1.18377000e+02 6.44911000e+01
1.50000000e+01 2.00000000e+00 4.89076264e+14 1.83976800e+01 7.21101600e+01 7.20515400e+01
1.50000000e+01 3.00000000e+00 4.89076264e+14 1.88419200e+01 6.18466200e+01 7.09201000e+01
1.50000000e+01 6.00000000e+00 4.89076264e+14 2.43002400e+01 6.20131200e+01 7.23465600e+01
twitter

1.00000000e+00 1.00000000e+00 2.06508691e+08 5.01775600e-04 9.36345600e-01 4.20379400e-03
1.00000000e+00 1.00000000e+00 2.06508691e+08 2.30074000e-04 4.73057200e-01 4.18744000e-03
1.00000000e+00 1.00000000e+00 2.06508691e+08 1.36232400e-04 2.53929000e-01 4.18291200e-03
1.00000000e+00 1.00000000e+00 2.06508691e+08 8.65936400e-05 1.31155400e-01 4.17499600e-03
1.00000000e+00 1.00000000e+00 2.06508691e+08 5.96523200e-05 7.37541200e-02 4.19602600e-03
1.00000000e+00 1.00000000e+00 2.06508691e+08 4.80652000e-05 3.88558000e-02 4.18710600e-03
1.00000000e+00 1.00000000e+00 2.06508691e+08 4.58240400e-05 2.38049800e-02 4.15701800e-03
1.00000000e+00 1.00000000e+00 2.06508691e+08 4.22477600e-05 1.48261400e-02 4.18467800e-03
1.00000000e+00 1.00000000e+00 2.06508691e+08 4.73499400e-05 9.65104200e-03 4.16216800e-03
filcker

1.00000000e+00 1.00000000e+00 3.52580131e+10 5.06401000e-04 3.94474600e+00 1.46452000e-02
1.00000000e+00 1.00000000e+00 3.52580131e+10 2.57873600e-04 2.01636800e+00 1.46000200e-02
1.00000000e+00 1.00000000e+00 3.52580131e+10 1.54638400e-04 1.05237800e+00 1.44869800e-02
1.00000000e+00 1.00000000e+00 3.52580131e+10 9.65595400e-05 5.32768400e-01 1.45999400e-02
1.00000000e+00 1.00000000e+00 3.52580131e+10 6.83307600e-05 2.73278800e-01 1.45858200e-02
1.00000000e+00 1.00000000e+00 3.52580131e+10 5.66005800e-05 1.39703400e-01 1.45978000e-02
1.00000000e+00 1.00000000e+00 3.52580131e+10 4.92096200e-05 7.25013800e-02 1.44575800e-02
1.00000000e+00 1.00000000e+00 3.52580131e+10 4.80652000e-05 5.17152800e-02 1.45760200e-02
1.00000000e+00 1.00000000e+00 3.52580131e+10 4.76360400e-05 4.11553400e-02 1.44723800e-02
livejournal

3.00000000e+00 1.00000000e+00 3.29715844e+12 1.14105800e-01 1.08594600e+02 1.28594800e+00
3.00000000e+00 1.00000000e+00 3.29715844e+12 5.84781600e-02 5.53698800e+01 1.29072600e+00
3.00000000e+00 1.00000000e+00 3.29715844e+12 3.07360400e-02 2.88023400e+01 1.27158600e+00
3.00000000e+00 1.00000000e+00 3.29715844e+12 1.61310200e-02 1.48008200e+01 1.18068800e+00
3.00000000e+00 2.00000000e+00 3.29715844e+12 1.64583000e-01 7.23233000e+00 1.11713700e+00
3.00000000e+00 4.00000000e+00 3.29715844e+12 1.56842000e-01 4.24321400e+00 8.16203000e-01
3.00000000e+00 7.00000000e+00 3.29715844e+12 1.29321200e-01 2.67102000e+00 7.55845200e-01
3.00000000e+00 1.20000000e+01 3.29715844e+12 1.26119400e-01 2.47901200e+00 7.20239600e-01
3.00000000e+00 2.40000000e+01 3.29715844e+12 1.40270600e-01 2.82156400e+00 8.12205400e-01
orkut

8.00000000e+00 1.00000000e+00 2.21317012e+13 8.48604200e-01 8.76650800e+02 9.33477600e+00
8.00000000e+00 1.00000000e+00 2.21317012e+13 4.37271400e-01 4.55005000e+02 9.34511000e+00
8.00000000e+00 1.00000000e+00 2.21317012e+13 2.27813400e-01 2.34825400e+02 8.94998800e+00
8.00000000e+00 1.00000000e+00 2.21317012e+13 1.22074400e-01 1.20094200e+02 8.79903600e+00
9.00000000e+00 1.00000000e+00 2.21317012e+13 8.43207200e-02 6.68943400e+01 9.68367400e+00
9.00000000e+00 2.00000000e+00 2.21317012e+13 7.69603400e-01 3.29622400e+01 7.92843400e+00
9.00000000e+00 3.00000000e+00 2.21317012e+13 5.90964000e-01 1.81796000e+01 8.14611000e+00
9.00000000e+00 5.00000000e+00 2.21317012e+13 5.63541000e-01 1.27549600e+01 7.54264600e+00
9.00000000e+00 9.00000000e+00 2.21317012e+13 5.40865800e-01 1.06970600e+01 5.53076400e+00
delicious

1.00000000e+00 1.00000000e+00 5.68922524e+10 4.88751400e-02 8.43773200e+01 2.18380400e-01
1.00000000e+00 1.00000000e+00 5.68922524e+10 2.65422000e-02 4.31646000e+01 2.18247400e-01
1.00000000e+00 1.00000000e+00 5.68922524e+10 1.35346400e-02 2.21879600e+01 2.19833200e-01
1.00000000e+00 1.00000000e+00 5.68922524e+10 8.11700800e-03 1.13168400e+01 2.18917800e-01
1.00000000e+00 2.00000000e+00 5.68922524e+10 9.45974000e-02 5.44731000e+00 2.18563000e-01
1.00000000e+00 3.00000000e+00 5.68922524e+10 6.10941000e-02 2.85694800e+00 2.18585400e-01
1.00000000e+00 6.00000000e+00 5.68922524e+10 4.85950000e-02 1.64296600e+00 2.18428800e-01
1.00000000e+00 1.00000000e+01 5.68922524e+10 4.24436200e-02 1.23880200e+00 2.31316200e-01
1.00000000e+00 2.00000000e+01 5.68922524e+10 4.36618200e-02 1.22875000e+00 2.19404000e-01
trackers

1.00000000e+00 1.00000000e+00 2.00675672e+13 5.54351400e-02 1.24285600e+02 2.89295200e-01
1.00000000e+00 1.00000000e+00 2.00675672e+13 2.82728800e-02 6.38283400e+01 2.87382400e-01
1.00000000e+00 1.00000000e+00 2.00675672e+13 1.47293600e-02 3.22970800e+01 2.89502600e-01
1.00000000e+00 2.00000000e+00 2.00675672e+13 1.89882000e-01 1.74642400e+01 2.91723800e-01
1.00000000e+00 4.00000000e+00 2.00675672e+13 1.67309800e-01 1.07044000e+01 2.89721600e-01
1.00000000e+00 7.00000000e+00 2.00675672e+13 1.26074000e-01 6.79197400e+00 2.90016000e-01
1.00000000e+00 1.40000000e+01 2.00675672e+13 1.11631200e-01 5.16660200e+00 2.89768800e-01
1.00000000e+00 2.40000000e+01 2.00675672e+13 1.08793000e-01 5.32249200e+00 2.90458800e-01
1.00000000e+00 4.70000000e+01 2.00675672e+13 1.17589600e-01 5.81302200e+00 2.90031000e-01
bi-twitter

4.00000000e+00 1.00000000e+00 6.30255304e+13 7.75941000e-01 1.31335400e+03 8.71543600e+00
4.00000000e+00 1.00000000e+00 6.30255304e+13 3.98894600e-01 6.75775400e+02 8.78456200e+00
4.00000000e+00 1.00000000e+00 6.30255304e+13 2.09363200e-01 3.48007200e+02 8.78385400e+00
4.00000000e+00 1.00000000e+00 6.30255304e+13 1.11113400e-01 1.78439800e+02 8.72914400e+00
4.00000000e+00 2.00000000e+00 6.30255304e+13 1.32775600e+00 9.34598800e+01 8.62269200e+00
4.00000000e+00 3.00000000e+00 6.30255304e+13 9.68778200e-01 5.22731600e+01 8.51453200e+00
4.00000000e+00 5.00000000e+00 6.30255304e+13 7.28872000e-01 3.22125600e+01 9.78449000e+00
4.00000000e+00 9.00000000e+00 6.30255304e+13 7.12147800e-01 2.63935600e+01 9.07188200e+00
4.00000000e+00 1.70000000e+01 6.30255304e+13 7.46755800e-01 2.50557400e+01 7.77977000e+00
bi-sk

6.00000000e+00 1.00000000e+00 1.22335845e+14 2.10034200e+00 1.56324600e+03 1.96534600e+01
6.00000000e+00 1.00000000e+00 1.22335845e+14 1.09702000e+00 8.13795800e+02 2.24442400e+01
6.00000000e+00 1.00000000e+00 1.22335845e+14 5.60846400e-01 4.17465000e+02 2.11293000e+01
7.00000000e+00 1.00000000e+00 1.22335845e+14 4.08069200e-01 2.46520400e+02 3.19843800e+01
7.00000000e+00 1.00000000e+00 1.22335845e+14 2.24363200e-01 1.27250400e+02 2.65749200e+01
7.00000000e+00 2.00000000e+00 1.22335845e+14 2.33305400e+00 6.93649200e+01 2.45968000e+01
7.00000000e+00 4.00000000e+00 1.22335845e+14 2.26218800e+00 4.77018000e+01 2.59732600e+01
7.00000000e+00 6.00000000e+00 1.22335845e+14 1.89517800e+00 3.78347000e+01 2.04286200e+01
7.00000000e+00 1.10000000e+01 1.22335845e+14 1.90843200e+00 3.37441200e+01 1.49328600e+01
bi-uk

1.20000000e+01 1.00000000e+00 4.89076264e+14 1.29162400e+01 4.56745600e+03 6.96845600e+01
1.30000000e+01 1.00000000e+00 4.89076264e+14 7.80804800e+00 2.45326800e+03 8.00657800e+01
1.30000000e+01 1.00000000e+00 4.89076264e+14 4.04600800e+00 1.26550000e+03 7.52965200e+01
1.40000000e+01 1.00000000e+00 4.89076264e+14 2.48791600e+00 6.95380400e+02 8.36745200e+01
1.50000000e+01 1.00000000e+00 4.89076264e+14 1.54735200e+00 3.80466200e+02 8.25303800e+01
1.50000000e+01 2.00000000e+00 4.89076264e+14 1.43620400e+01 2.05121000e+02 6.47863200e+01
1.50000000e+01 4.00000000e+00 4.89076264e+14 1.45380800e+01 1.37352800e+02 6.54977200e+01
1.50000000e+01 6.00000000e+00 4.89076264e+14 1.25596600e+01 1.13375600e+02 6.61972400e+01
1.50000000e+01 1.20000000e+01 4.89076264e+14 1.30979600e+01 1.22100600e+02 6.90482000e+01
